borrower_name,industry,rm_name,loan_type,facility_size_mm,rate_type,credit_grade,maturity_date,last_annual_review,next_covenant_due,relationship_since,primary_contact,primary_contact_title,hq_state,employee_count,annual_revenue_mm,loan_purpose,collateral_type,personal_guarantee,relationship_tier
Meridian Fabrication LLC,Industrial Manufacturing,Sarah Okonkwo,Term Loan + Revolver,8.5,Variable (SOFR+275),B+,2027-03-31,2024-09-15,2025-06-30,2019,David Kwan,CFO,OH,312,82,Equipment expansion and working capital,Machinery & Equipment + A/R,Yes,Core
BlueLine Logistics LLC,Transportation & Logistics,Sarah Okonkwo,Revolver + Equipment Term,12.0,Variable (SOFR+325),BB-,2026-06-30,2024-06-10,2025-06-30,2017,Patricia Hearn,VP Finance,IN,480,118,Fleet expansion and working capital,Fleet assets + A/R,Yes,Core
Crestwood Capital Advisors,Financial Services - Wealth Management,Tom DeLuca,Term Loan,3.2,Fixed 5.25%,A-,2026-08-31,2025-01-20,2025-09-30,2021,James Whitmore,CEO,IL,44,14.8,Office acquisition,Commercial real estate,Yes,Growth
Summit Retail Partners,Specialty Retail,Marcus Webb,Term Loan,5.8,Fixed 6.10%,B,2028-11-30,2024-12-05,2025-07-31,2020,Nina Castillo,CFO,TN,640,41.5,Lease buyout and store refresh,Leasehold improvements + inventory,Yes,Core
Arcadia Property Group,Commercial Real Estate - Development,Tom DeLuca,Construction-to-Perm,22.0,Variable (SOFR+350),BB,2027-09-30,2025-02-18,2025-08-31,2022,Robert Liang,Principal,IL,18,N/A,Mixed-use development (retail + multifamily),First mortgage on development property,Yes,Growth
